% -------------------------------------------------------------------
%  Generated by MATLAB on 26-Apr-2026 16:39:07
%  MATLAB version: 25.2.0.3150157 (R2025b) Update 4
% -------------------------------------------------------------------
                                          

a = 2;

akar_akar = [1.836432213760548 + 0.79215953207831358i -1.6042463855100877 + 1.1943171834055724i ...
             -0.23218582825045997 - 1.986476715483886i];

b = 2;

k = [0 1 2];

pembagian = complex(-0,1);

penjumlahan = 7 - 1i;

perkalian = 24 - 7i;

phi_k = [0.40724349213201022 2.5016385945252058 4.5960336969184015];

r_root = 2;

r_w = 8;

selisih_abs = 7.0710678118654755;

theta0 = 70;

theta_rad = 1.2217304763960306;

z1 = 4 + 3i;

z2 = 3 - 4i;

