% -------------------------------------------------------------------
%  Generated by MATLAB on 26-Apr-2026 15:39:42
%  MATLAB version: 25.2.0.3150157 (R2025b) Update 4
% -------------------------------------------------------------------
                                            

D = [25 30 40 38 48 53 51];

K = 5;

N = 7;

a = 2;

alpha_lr = 0.003;

b = 2;

i = [1 2 3 4 5 6 7];

j = 7;

median_data = 40;

modus_data = 25;

rata_rata = 40.714285714285715;

rentang = 28;

simpangan_baku = 9.8519655140380955;

theta0 = 70;

